2.950391645 1e-13 0.005886327582223449 1.487937067151695e-08
3.15926893 1e-13 0.0063105824852272814 1.4893851156993682e-08
6.710182768 1e-13 0.013646461943354322 1.4890899474323113e-08
6.318537859 1e-13 0.01282643016306697 1.4879933735878938e-08
5.718015666 1e-13 0.011574166902863964 1.484814506614139e-08
6.710182768 1e-13 0.013646461943354322 1.4890899474323113e-08
5.979112272 1e-13 0.012117863277099418 1.488003325626807e-08
7.154046997 1e-13 0.014578983945274033 1.486770320204521e-08
7.101827676 1e-13 0.014469102493050126 1.4870879999801542e-08
7.545691906 1e-13 0.015404558140624474 1.4893634720457907e-08
5.248041775 1e-13 0.010598512338971279 1.4888995680286521e-08
8.093994778 1e-13 0.016564678790086215 1.487486773798852e-08
7.885117493 1e-13 0.016122136220921263 1.4859945500968049e-08
8.355091384 1e-13 0.017118878017333646 1.4886475219012883e-08
8.146214099 1e-13 0.016675427966758704 1.4871619051880656e-08
4.751958225 1e-13 0.009572892460393313 1.4896229918481751e-08
3.524804178 1e-13 0.007055081924947718 1.4897842903328095e-08
4.177545692 1e-13 0.00839087465062365 1.4849829233907797e-08
3.942558747 1e-13 0.0079090687799622 1.4886738190894567e-08
4.595300261 1e-13 0.009249928872005632 1.4899172842222245e-08
9.843342037 1e-13 0.020299349192107956 1.4852364343172914e-08
10.49608355 1e-13 0.021705798956763972 1.4899559614048961e-08
12.27154047 1e-13 0.025566780486362503 1.4873343704292089e-08
11.87989556 1e-13 0.024710631356716826 1.482611831790107e-08
11.54046997 1e-13 0.023970681223598404 1.4898585384178474e-08
11.93211488 1e-13 0.024824638344240132 1.4876149772590062e-08
13.52480418 1e-13 0.02832352727802717 1.4878392032865924e-08
13.10704961 1e-13 0.027401712336646948 1.4883008254734827e-08
10.1305483 1e-13 0.02091732448928093 1.4885645785989454e-08
10.15665796 1e-13 0.02097357128769503 1.4894780826499813e-08
9.53002611 1e-13 0.01962674134379883 1.4847727530696781e-08
10.46997389 1e-13 0.021649406555786115 1.4894290073747626e-08
10.80939948 1e-13 0.022383381343530483 1.4866823199508064e-08
11.17493473 1e-13 0.023175932810700413 1.4858510812357228e-08
13.52480418 1e-13 0.02832352727802717 1.4878392032865924e-08
8.955613577 1e-13 0.01839782597539953 1.4892802799033704e-08
8.668407311 1e-13 0.017785410472948834 1.489335366502715e-08
9.503916449 1e-13 0.019570763605586614 1.4869247400359675e-08
12.7154047 1e-13 0.026540147321560383 1.489299153270595e-08
12.63707572 1e-13 0.026368139703973434 1.4899705986482772e-08
19.19060052 1e-13 0.041120280049078334 1.4891689674363675e-08
19.21671018 1e-13 0.041180561638483146 1.4797112706519452e-08
19.84334204 1e-13 0.04263105353278871 1.4814476199099855e-08
18.59007833 1e-13 0.039737214455065964 1.4882077842330805e-08
18.61618799 1e-13 0.039797212254947596 1.488947702358692e-08
18.0156658 1e-13 0.038420358386417504 1.4806135659967323e-08
15.35248042 1e-13 0.03239092133857177 1.4810229410910924e-08
15.35248042 1e-13 0.03239092133857177 1.4810229410910924e-08
16.39686684 1e-13 0.03474068529489385 1.4889156971144984e-08
13.96866841 1e-13 0.029306149401450952 1.4884244592555257e-08
17.46736292 1e-13 0.037168847951829766 1.48090240777869e-08
15.84856397 1e-13 0.033504717776341814 1.4887350562281347e-08
15.87467363 1e-13 0.03356345569539787 1.4849564636742682e-08
14.88250653 1e-13 0.031339624919576245 1.483553886112504e-08
14.88250653 1e-13 0.031339624919576245 1.483553886112504e-08
14.41253264 1e-13 0.030292077672491004 1.4891725211565908e-08
13.96866841 1e-13 0.029306149401450952 1.4884244592555257e-08
16.91906005 1e-13 0.03592264840834797 1.4776448269235785e-08
17.46736292 1e-13 0.037168847951829766 1.48090240777869e-08
16.89295039 1e-13 0.03586343722105209 1.4852518760301412e-08
