6.657963446 5.0000000000001 0.005567660910635573 1.4818173689948159e-08
6.161879896 5.0000000000001 0.004870180615674524 1.4889851158836662e-08
8.015665796 5.0000000000001 0.007575880010272937 1.4855093126113556e-08
6.527415144 5.0000000000001 0.005382026042089743 1.486489098039825e-08
7.101827676 5.0000000000001 0.006209224473375576 1.4885665222181448e-08
5.92689295 5.0000000000001 0.004547672228209981 1.4870561733648373e-08
5.613577023 5.0000000000001 0.004126231655143689 1.4875876537839899e-08
5.613577023 5.0000000000001 0.004126231655143689 1.4875876537839899e-08
7.519582245 5.0000000000001 0.006826758888013602 1.483995710684436e-08
7.650130548 5.0000000000001 0.0070222900130349 1.4753620156734287e-08
8.61618799 5.0000000000001 0.00850365843299265 1.4885528829235993e-08
8.224543081 5.0000000000001 0.007896088254588755 1.4899464873638804e-08
10.39164491 5.0000000000001 0.011362160202605876 1.4844040074523583e-08
8.433420366 5.0000000000001 0.008218987116407903 1.4821853989145602e-08
10.62663185 5.0000000000001 0.011751931213002172 1.4886048243185477e-08
9.921671018 5.0000000000001 0.010590188355920346 1.4883746866299315e-08
9.451697128 5.0000000000001 0.009828819578659274 1.4866007134404284e-08
9.921671018 5.0000000000001 0.010590188355920346 1.4883746866299315e-08
10.15665796 5.0000000000001 0.010974888361912887 1.4882207902220529e-08
10.44386423 5.0000000000001 0.011448562469119534 1.4866249576408462e-08
9.608355091 5.0000000000001 0.010081390503374527 1.4819033670698114e-08
9.033942559 5.0000000000001 0.00916150307630879 1.4891339229380687e-08
11.46214099 5.0000000000001 0.013157042517015265 1.4884694288175121e-08
8.772845953 5.0000000000001 0.008749202165355213 1.4892128010507324e-08
9.242819843 5.0000000000001 0.009494013448841581 1.479389849292187e-08
11.14882507 5.0000000000001 0.012626700208517317 1.4860237561959908e-08
10.8616188 5.0000000000001 0.012144133355537608 1.4870444256593804e-08
11.20104439 5.0000000000001 0.01271481095825557 1.4880943785697661e-08
12.50652742 5.0000000000001 0.01495271029485918 1.489816421866921e-08
12.81984334 5.0000000000001 0.015499344602816288 1.4818609794566442e-08
13.13315927 5.0000000000001 0.01604946707829863 1.4899852408559937e-08
13.47258486 5.0000000000001 0.01664927017053642 1.4856615661548766e-08
12.24543081 5.0000000000001 0.014499913650434492 1.4826920659253047e-08
12.87206266 5.0000000000001 0.01559079162096428 1.4873426031100307e-08
12.14099217 5.0000000000001 0.014319504176993668 1.4810720887586404e-08
15.5613577 5.0000000000001 0.020422744350160046 1.4879512881942494e-08
15.22193211 5.0000000000001 0.01980033482666867 1.4879847410110256e-08
14.4386423 5.0000000000001 0.018377391447335557 1.4838792855907122e-08
15.53524804 5.0000000000001 0.020374744696631426 1.4890874488187112e-08
14.83028721 5.0000000000001 0.019086495519042828 1.47996631789148e-08
11.95822454 5.0000000000001 0.014004778877242163 1.4881304128540388e-08
14.46475196 5.0000000000001 0.018424515483966245 1.4893665528345119e-08
13.81201044 5.0000000000001 0.01725296487622304 1.4864600001992348e-08
15.90078329 5.0000000000001 0.021048568355187203 1.4800509862502621e-08
14.80417755 5.0000000000001 0.019039073379841655 1.4883015024121334e-08
14.12532637 5.0000000000001 0.01781359439705257 1.4890736109345471e-08
11.67101828 5.0000000000001 0.013512805518990825 1.4871047764817792e-08
11.61879896 5.0000000000001 0.013423702265893716 1.4892475361629257e-08
15.90078329 5.0000000000001 0.021048568355187203 1.4800509862502621e-08
17.07571802 5.0000000000001 0.023240461525130165 1.4873192534375628e-08
16.34464752 5.0000000000001 0.02187200880874797 1.4867696023732222e-08
17.04960836 5.0000000000001 0.023191331199449026 1.4882414370526523e-08
16.68407311 5.0000000000001 0.0225054960251845 1.4866602389916512e-08
21.64490862 5.0000000000001 0.032114302799569075 1.4825224745095358e-08
22.14099217 5.0000000000001 0.03310932489715058 1.4838687368531382e-08
20.15665796 5.0000000000001 0.029165473829422153 1.4678619277190357e-08
20.62663185 5.0000000000001 0.030090753710149555 1.4885486802696285e-08
21.1227154 5.0000000000001 0.031073396434384067 1.4883815515243266e-08
21.1227154 5.0000000000001 0.031073396434384067 1.4883815515243266e-08
18.77284595 5.0000000000001 0.026473512151093656 1.483706554513721e-08
19.24281984 5.0000000000001 0.027382263598671144 1.4874917995478035e-08
19.68668407 5.0000000000001 0.028245744208689437 1.4863322894515557e-08
20.1305483 5.0000000000001 0.02911423157863266 1.4808655709170715e-08
19.16449086 5.0000000000001 0.02723040871220482 1.4717939093202513e-08
18.38120104 5.0000000000001 0.025720611939110384 1.4885969931860774e-08
17.46736292 5.0000000000001 0.02397966618121387 1.4887201992648189e-08
17.88511749 5.0000000000001 0.02477275146043509 1.4873706659758804e-08
17.44125326 5.0000000000001 0.02393025530118726 1.4889063988087874e-08
24.90861619 5.0000000000001 0.03876856846171605 1.482497534243622e-08
23.23759791 5.0000000000001 0.035329905648754635 1.4892121009061536e-08
23.75979112 5.0000000000001 0.03639741289231281 1.4848247485771328e-08
24.33420366 5.0000000000001 0.03757911627628421 1.4801525257923835e-08
24.33420366 5.0000000000001 0.03757911627628421 1.4801525257923835e-08
22.14099217 5.0000000000001 0.03310932489715058 1.4838687368531382e-08
22.66318538 5.0000000000001 0.03416314645234729 1.4848397362132379e-08
