7.72845953 9.0000000000001 0.00324846868108294 1.4815909050476658e-08
8.015665796 9.0000000000001 0.0035298611348815617 1.4871603416513276e-08
7.441253264 9.0000000000001 0.002975641779659865 1.4851994317884038e-08
6.631853786 9.0000000000001 0.002256334128419261 1.4798200128349351e-08
7.180156658 9.0000000000001 0.002735379604809303 1.4899052905768392e-08
6.945169713 9.0000000000001 0.002525730489855625 1.4681836388050158e-08
12.95039164 9.0000000000001 0.009411165350704537 1.486148279958458e-08
12.7154047 9.0000000000001 0.009094787901978027 1.487227087790204e-08
8.224543081 9.0000000000001 0.003739678995404191 1.489885503662087e-08
8.511749347 9.0000000000001 0.0040350117841705495 1.4859203647897178e-08
12.40208877 9.0000000000001 0.00867769774016327 1.4890580565887236e-08
12.55874674 9.0000000000001 0.008885555824025549 1.489670830466354e-08
12.11488251 9.0000000000001 0.008300267433771083 1.4890187961494898e-08
11.87989556 9.0000000000001 0.007995051535863168 1.4871040884511231e-08
8.798955614 9.0000000000001 0.004337957814977453 1.4884519270832769e-08
9.11227154 9.0000000000001 0.004676763639387069 1.4870947108074013e-08
9.399477807 9.0000000000001 0.0049946493379664295 1.4874801411692766e-08
11.35770235 9.0000000000001 0.007328808305197213 1.4888678797419842e-08
11.61879896 9.0000000000001 0.007659820638468076 1.4866729076534052e-08
9.686684073 9.0000000000001 0.005319250858265416 1.4842633820077197e-08
9.947780679 9.0000000000001 0.005619956399020727 1.4892542356367625e-08
10.23498695 9.0000000000001 0.00595668519430815 1.484351956688463e-08
10.88772846 9.0000000000001 0.006744023672070821 1.4856795072469988e-08
10.65274151 9.0000000000001 0.006457156652875434 1.4879071494799858e-08
10.44386423 9.0000000000001 0.006205370803719331 1.4808288836771826e-08
11.1227154 9.0000000000001 0.0070346080967104065 1.4874576341862896e-08
15.69190601 9.0000000000001 0.013306137472335285 1.4895436693066058e-08
16.08355091 9.0000000000001 0.013890433914119385 1.4889599661193658e-08
15.37859008 9.0000000000001 0.012843398575860468 1.4892223586789784e-08
15.35248042 9.0000000000001 0.012805028942724273 1.4784148493669868e-08
18.64229765 9.0000000000001 0.017857103386529287 1.4897845848757797e-08
18.30287206 9.0000000000001 0.017316812922461337 1.4824224742507265e-08
15.01305483 9.0000000000001 0.012308957659158622 1.481531804716018e-08
14.41253264 9.0000000000001 0.011444052552969328 1.4818317402704496e-08
17.83289817 9.0000000000001 0.016575593940606703 1.4890312335524615e-08
14.75195822 9.0000000000001 0.01193087636774091 1.485870009305102e-08
17.07571802 9.0000000000001 0.015398713734981612 1.4821531910456223e-08
16.73629243 9.0000000000001 0.014878301629486173 1.489221549948566e-08
16.37075718 9.0000000000001 0.01432296741703403 1.4876732339518882e-08
13.78590078 9.0000000000001 0.01055969047972346 1.4863878138485019e-08
13.78590078 9.0000000000001 0.01055969047972346 1.4863878138485019e-08
14.09921671 9.0000000000001 0.010999494408148337 1.483506844397655e-08
13.15926893 9.0000000000001 0.009694887963052744 1.4807124281042416e-08
13.47258486 9.0000000000001 0.010124774381943705 1.4890511297662132e-08
14.4386423 9.0000000000001 0.011481309664766855 1.4881469330238707e-08
17.44125326 9.0000000000001 0.015964150829879967 1.4887340746426594e-08
24.17754569 9.0000000000001 0.027200832619150205 1.4870638195927256e-08
24.6997389 9.0000000000001 0.02813002152217598 1.4856508041225359e-08
20.33942559 9.0000000000001 0.020618369858733637 1.4891838797363867e-08
20.78328982 9.0000000000001 0.02135635295133597 1.4895303623925385e-08
21.25326371 9.0000000000001 0.02214461993364842 1.488413556621122e-08
19.47780679 9.0000000000001 0.01920427981755965 1.4868673432334646e-08
19.89556136 9.0000000000001 0.01988681484904588 1.4808284358610278e-08
19.06005222 9.0000000000001 0.01852766819307508 1.4893465888300358e-08
21.69712794 9.0000000000001 0.022895468372546652 1.481045614203395e-08
23.68146214 9.0000000000001 0.026325301371680432 1.4888998590381707e-08
22.16710183 9.0000000000001 0.023697115573316822 1.4771488791474538e-08
23.15926893 9.0000000000001 0.025411379830656416 1.4875751020403836e-08
22.66318538 9.0000000000001 0.024550573688396457 1.4855185704047875e-08
